56 743.00
57 741.50
58 742.50
59 741.00
61 741.00
62 745.00
63 746.00
64 744.50
108 635.33
110 633.00
111 633.00
112 631.50
113 629.50
114 628.50
115 626.50
116 624.50
118 622.50
119 617.00
120 611.50
121 610.50
122 608.50
123 607.50
124 605.50
126 603.50
127 597.75
128 595.40
129 594.75
130 592.50
131 593.80
132 586.50
133 592.00
135 594.50
136 588.67
137 588.00
138 589.50
139 589.00
141 584.67
142 583.50
163 562.00
164 561.00
165 561.00
169 556.50
170 554.50
171 553.50
172 551.50
173 547.25
174 544.75
176 540.00
177 540.00
179 537.50
180 535.50
182 533.50
183 531.50
184 526.33
185 524.43
186 523.00
187 527.75
188 517.50
190 526.00
194 518.00
195 511.00
199 513.75
200 513.50
235 475.00
236 476.00
237 475.00
238 475.00
246 466.00
247 460.60
248 461.00
249 464.00
250 458.00
251 463.25
252 464.00
253 459.25
254 459.25
255 450.00
256 453.33
257 452.33
260 451.00
261 450.33
262 450.00
263 450.60
265 453.50
266 449.00
267 447.40
268 447.50
269 441.00
270 441.00
271 435.00
272 439.50
273 444.00
277 434.50
278 427.50
279 431.00
280 430.00
281 430.43
282 431.00
283 430.50
284 431.60
285 433.00
286 429.00
287 428.33
288 426.00
289 425.80
290 423.50
291 423.00
292 419.40
293 416.00
294 420.50
295 418.00
296 419.83
297 417.33
299 419.33
300 419.40
302 413.50
303 413.50
304 417.00
305 411.50
306 409.00
307 412.00
308 409.50
309 409.00
310 414.00
312 405.50
313 405.50
314 409.00
315 402.43
316 400.25
317 405.50
318 402.17
319 401.00
321 399.50
322 399.80
323 398.00
324 397.00
325 397.33
326 396.67
327 393.00
328 395.00
329 392.50
330 392.00
331 391.86
332 386.00
333 385.00
334 384.50
335 387.60
336 388.00
337 388.40
338 388.75
339 387.67
340 384.67
341 384.67
342 384.14
343 381.00
344 383.40
345 383.29
346 380.00
347 383.00
348 380.75
349 378.40
350 374.00
351 378.00
352 376.50
353 377.00
354 376.67
355 376.83
356 375.80
357 375.50
358 375.75
359 372.67
360 371.83
361 373.50
362 370.88
363 370.50
364 369.29
365 368.57
366 369.00
367 367.80
368 367.67
369 367.00
370 361.00
371 359.00
372 364.00
373 361.67
374 358.00
375 365.00
376 362.25
377 364.00
378 359.00
379 360.75
380 360.00
381 357.33
382 360.67
383 356.00
384 363.00
385 363.00
386 352.00
387 354.33
388 360.50
389 354.00
390 359.00
391 358.50
392 351.33
393 352.50
394 353.67
395 351.25
396 352.67
397 350.00
398 350.00
399 347.33
400 348.75
401 353.00
402 347.00
403 352.00
404 346.50
405 347.67
406 345.00
407 346.00
408 344.00
409 343.50
410 348.00
411 347.00
412 341.50
413 341.00
414 335.00
416 340.50
417 339.50
418 339.50
419 338.50
420 338.50
421 337.50
422 337.50
423 336.50
424 342.00
425 341.00
426 336.00
427 333.33
428 334.75
429 332.33
430 332.00
431 332.50
432 334.00
433 332.00
434 330.00
435 331.50
436 330.71
437 328.83
438 330.00
439 329.00
440 329.29
441 329.00
442 330.40
443 328.67
444 330.50
445 329.00
446 327.83
447 330.00
449 330.00
450 329.00
451 323.25
452 323.67
453 325.80
454 325.00
455 324.33
456 324.00
457 321.50
459 323.33
460 322.33
461 324.50
462 321.67
463 321.33
464 322.50
465 322.50
466 320.75
467 320.00
468 322.00
469 320.00
470 319.00
471 317.83
472 317.25
473 316.25
474 316.00
475 316.17
476 317.00
477 313.00
478 315.67
479 316.50
480 313.50
481 314.33
482 314.00
483 313.67
484 313.00
485 309.00
486 313.60
487 311.71
489 315.00
490 314.00
492 311.00
493 313.00
494 308.00
495 306.00
496 305.00
498 311.50
499 308.67
500 304.00
502 308.33
503 307.33
505 311.00
506 308.50
507 307.60
508 306.50
509 306.00
510 306.00
511 308.00
512 307.00
515 307.00
516 306.00
519 306.00
520 305.00
523 305.00
524 304.00
527 304.00
528 303.00
529 303.00
530 302.00
534 296.50
535 299.67
536 300.00
537 299.75
542 294.00
543 293.00
544 299.00
545 298.00
546 293.00
547 299.00
548 304.00
549 300.67
550 301.50
551 298.00
552 300.50
553 296.00
554 302.00
555 299.50
556 297.00
557 301.00
558 300.00
560 298.50
561 297.50
566 296.00
567 295.00
568 299.00
569 298.00
571 295.00
573 293.00
575 293.00
576 296.00
577 297.00
579 295.50
580 295.50
620 285.50
621 285.75
622 288.00
623 288.00
624 289.00
636 289.00
637 288.00
638 286.00
639 286.00
640 285.75
641 284.00
664 287.00
665 286.50
666 287.67
667 289.00
668 290.00
670 290.00
671 291.00
677 285.00
678 286.00
680 291.00
681 288.67
682 288.67
683 288.25
707 292.00
708 291.50
709 292.00
710 294.50
711 295.00
712 296.00
715 293.00
716 294.00
720 291.00
721 294.50
722 298.00
723 297.00
724 295.33
725 294.00
726 294.50
750 301.00
751 299.00
752 304.00
753 304.00
754 305.00
755 305.00
756 306.00
757 299.00
758 300.00
759 306.00
760 303.50
761 301.00
762 307.00
763 308.00
764 301.00
765 305.00
766 305.33
767 305.33
768 304.75
791 313.75
792 313.75
793 312.00
794 314.50
795 318.00
796 315.00
797 312.00
798 315.50
799 316.50
801 316.50
802 317.50
804 317.50
805 318.50
806 318.50
807 319.33
808 319.33
809 320.00
810 319.00
831 330.50
832 332.50
833 330.00
834 334.00
835 335.00
836 335.00
837 332.00
838 329.00
839 332.50
840 333.50
841 333.50
842 334.50
843 334.50
844 335.50
846 332.00
847 337.00
848 335.00
849 336.25
887 361.50
888 362.00
889 363.00
890 363.00
891 364.00
892 364.50
893 365.00
894 366.00
895 366.00
896 367.00
897 367.00
898 368.00
899 368.50
900 369.00
901 370.00
902 370.50
903 372.50
905 374.50
906 376.50
907 373.00
908 373.00
909 375.67
910 378.00
911 379.67
912 379.67
913 378.50
914 377.20
915 378.33
916 380.20
917 378.00
918 381.60
919 383.50
920 384.50
921 383.00
922 383.50
923 380.00
924 380.75
926 387.00
927 387.50
928 388.00
929 389.00
930 389.00
931 391.00
932 391.00
933 392.00
934 392.50
935 393.00
936 394.00
937 394.00
938 395.50
939 397.50
940 399.50
942 401.50
943 398.50
944 399.80
945 403.00
946 402.00
947 405.00
948 404.67
949 403.00
950 403.33
951 404.67
952 405.33
953 409.67
954 410.00
955 408.60
956 408.75
957 411.00
958 406.25
959 413.00
960 414.00
961 414.00
963 413.00
964 413.00
965 415.33
966 415.00
967 415.33
968 414.00
969 414.33
970 416.00
971 418.50
972 415.00
973 418.33
974 418.00
976 419.00
977 422.50
978 424.00
979 424.00
980 420.00
981 421.00
982 422.50
983 424.33
984 426.50
985 428.00
986 429.00
987 430.75
988 436.00
989 437.00
990 437.00
991 434.25
994 431.50
995 433.50
997 436.00
998 436.00
999 437.00
1000 437.00
1010 448.00
1011 448.00
1012 449.00
1013 449.00
1014 450.00
1015 450.00
1025 466.00
1026 467.00
1027 463.50
1028 465.50
1029 467.00
1030 467.00
1031 473.67
1032 475.00
1033 480.00
1034 480.00
1037 483.00
1038 479.00
1039 481.00
1040 482.00
1041 485.00
1042 487.33
1043 482.50
1044 482.50
1045 482.00
1046 482.00
1048 496.00
1049 491.67
1050 491.75
1051 493.40
1052 495.25
1053 490.50
1054 501.25
1055 494.60
1056 498.33
1057 501.33
1058 502.50
1059 503.50
1060 502.50
1061 503.00
1062 500.00
1063 512.00
1064 505.67
1065 510.50
1066 511.33
1067 511.29
1068 517.50
1069 514.00
1070 517.50
1072 517.00
1073 521.33
1074 522.00
1075 520.50
1077 517.50
1078 523.00
1079 530.00
1080 527.50
1082 523.50
1083 525.50
1084 527.50
1087 531.00
1088 531.00
1089 532.00
1090 532.00
1092 534.50
1093 536.50
1094 537.50
1095 539.50
1098 557.75
1099 554.83
1100 554.17
1101 562.40
1102 575.33
1103 567.14
1104 568.38
1105 569.80
1106 571.88
1107 578.00
1108 569.67
1109 569.50
1110 582.00
1111 572.50
1112 571.60
1113 569.40
1114 574.86
1115 569.50
1116 574.33
1117 581.57
1118 582.40
1119 576.67
1120 583.00
1121 590.33
1122 592.50
1123 590.50
1124 595.00
1125 598.50
1126 605.00
1127 596.25
1128 598.50
1129 604.17
1130 603.50
1131 607.83
1132 612.17
1133 612.50
1134 611.80
1135 614.33
1136 615.00
1137 617.50
1138 619.00
1139 617.00
1140 618.00
1141 618.00
1142 618.00
1143 620.00
1144 620.00
1146 622.50
1147 623.50
1148 625.50
1149 627.50
1150 629.50
1152 633.75
1153 637.50
1154 639.50
1155 641.50
1156 641.33
1157 641.50
1158 641.80
1160 643.80
1161 645.60
1162 646.33
1163 648.50
1164 638.50
1165 640.50
1166 652.00
1167 643.50
1168 647.67
1170 649.00
1179 673.50
1180 674.17
1181 676.20
1182 675.25
1183 678.17
1184 672.00
1185 672.00
1186 685.50
1187 678.67
1188 680.00
1189 682.75
1190 679.50
1191 683.67
1192 683.50
1193 685.25
