0.00
0.29
1.44
0.00
0.00
0.00
0.00
0.29
0.29
0.00
0.00
0.29
0.29
0.29
0.29
0.29
0.29
2.31
0.29
0.29
0.29
0.29
0.29
0.29
2.31
2.60
2.60
3.18
3.46
0.29
4.04
0.29
3.46
3.18
0.29
0.00
1.73
1.44
0.00
0.00
0.00
0.29
0.29
0.29
0.29
2.02
2.02
0.00
0.00
0.29
0.29
0.29
0.29
2.02
2.31
2.89
0.58
0.29
0.00
3.18
0.00
1.73
0.87
0.00
0.00
0.00
0.00
0.00
2.31
0.00
1.15
3.18
0.87
0.00
3.46
3.46
0.00
3.46
3.75
2.60
2.89
2.60
2.31
0.29
3.75
3.18
0.29
2.89
2.89
0.00
2.60
0.00
3.18
0.29
3.46
3.46
3.46
3.46
3.46
2.31
0.87
4.04
4.04
4.04
4.04
4.33
4.04
4.33
0.87
3.75
4.04
3.75
3.75
3.75
3.18
3.18
3.18
0.00
3.18
3.18
3.18
3.18
2.89
0.00
3.18
3.18
0.00
3.18
1.73
1.15
3.75
3.46
3.75
3.75
3.75
4.04
3.75
3.75
4.04
3.46
3.75
3.46
3.75
0.00
0.00
0.29
1.73
2.89
2.89
2.02
3.46
3.18
3.18
3.18
2.02
2.89
3.18
3.18
3.18
3.18
2.31
0.00
2.89
3.18
2.60
2.89
2.89
3.18
3.18
2.02
3.46
3.18
3.18
3.46
3.18
3.46
3.18
3.18
3.46
3.18
3.46
0.00
0.00
2.89
3.18
0.00
3.46
3.46
3.46
3.46
3.46
3.46
3.46
3.46
3.46
0.00
0.00
0.00
2.89
0.29
2.60
0.00
0.29
2.89
2.60
2.89
2.89
2.89
2.89
2.89
2.89
2.89
0.00
2.89
0.00
2.60
2.60
2.89
2.60
2.89
2.60
0.00
0.00
3.18
2.89
0.00
3.18
3.18
3.18
3.18
3.18
3.18
3.18
3.18
0.00
0.00
2.89
2.89
2.89
2.89
2.60
2.89
1.73
2.31
1.73
2.60
2.60
1.73
2.89
2.60
2.89
2.60
2.02
2.02
0.87
1.73
1.73
0.00
0.00
0.00
0.58
1.15
2.31
2.02
2.31
2.02
1.44
2.31
2.31
0.87
2.02
2.31
0.87
0.87
1.73
1.73
0.00
1.44
0.87
1.73
1.44
1.44
1.73
1.73
0.87
0.00
2.02
0.87
0.87
2.02
1.73
2.02
1.73
0.00
1.73
2.02
0.00
0.00
1.73
0.00
1.15
0.00
0.00
0.87
2.02
0.00
2.31
2.31
0.00
0.58
2.02
1.44
1.73
1.44
0.00
0.00
0.00
0.00
0.00
0.00
0.00
0.00
0.00
0.00
0.00
0.00
0.29
2.02
2.31
2.31
0.00
0.00
0.00
0.00
0.00
3.18
0.00
1.73
0.87
3.18
0.87
1.15
0.00
0.87
0.00
0.00
0.00
0.87
0.87
0.00
0.00
0.00
0.00
0.00
0.00
0.00
1.15
0.00
0.87
0.29
0.29
1.15
0.00
0.00
0.00
0.00
0.00
1.15
0.58
0.58
0.00
0.58
0.87
1.15
0.00
0.00
0.00
0.00
0.00
0.00
0.00
1.15
1.15
0.58
0.58
0.87
1.15
0.29
0.00
0.00
1.73
1.73
0.00
1.44
0.00
0.00
1.44
1.15
0.87
0.58
0.00
0.00
0.00
0.00
0.00
0.00
0.00
0.00
0.00
2.02
0.00
0.00
0.00
0.00
1.73
1.44
1.44
0.87
0.58
1.15
0.00
2.02
0.00
2.31
0.00
2.02
2.02
2.02
2.02
2.02
2.02
2.02
1.44
1.44
0.00
0.58
0.29
0.29
1.73
0.00
0.00
0.00
2.31
0.00
2.02
2.02
2.02
2.02
2.02
2.02
0.00
1.73
1.44
0.87
0.29
0.00
0.00
0.00
0.00
0.29
0.00
0.00
0.00
0.00
0.00
0.00
0.29
0.00
0.00
0.29
0.29
0.29
0.29
0.00
1.15
2.60
1.15
1.15
1.15
3.18
3.18
3.18
3.18
3.18
3.18
0.87
0.87
2.60
2.89
1.44
0.58
0.00
0.29
0.00
0.00
0.00
0.00
0.00
0.00
0.29
0.00
0.00
0.00
0.29
0.29
0.29
0.29
0.29
2.02
0.58
0.00
1.15
1.15
3.18
3.18
3.18
3.18
1.15
0.87
2.89
2.89
1.15
1.15
0.00
0.00
0.00
1.44
1.15
2.02
2.02
2.89
1.73
1.44
0.00
0.87
0.00
1.73
1.44
0.00
2.02
2.31
0.00
0.00
0.00
0.87
1.15
3.46
3.18
3.18
3.46
0.00
0.00
0.00
1.15
0.29
0.29
0.00
0.00
0.00
0.00
0.00
0.00
0.00
0.00
0.00
0.00
2.89
2.89
0.29
0.29
0.00
0.00
2.60
3.18
0.00
0.00
0.00
2.89
2.89
0.00
1.73
2.02
0.87
0.87
0.00
0.00
0.00
2.02
3.18
1.44
0.87
0.29
0.58
2.31
2.60
1.15
2.31
2.89
0.29
1.44
0.00
0.00
2.89
2.89
1.73
2.89
0.29
2.89
2.02
0.00
2.02
2.31
0.29
0.29
3.18
0.00
1.44
0.29
0.29
0.29
0.00
0.00
0.00
0.00
0.29
0.29
0.29
0.29
9.24
9.24
6.93
7.51
2.89
7.79
7.51
8.37
7.51
0.00
6.93
6.64
0.00
6.64
6.06
3.46
6.35
0.29
3.46
5.20
1.15
2.02
5.20
3.75
2.60
0.29
2.31
2.60
1.15
0.58
0.29
3.18
0.29
2.31
2.31
2.60
2.02
1.73
1.44
1.44
1.15
0.00
0.00
0.00
0.00
0.00
0.00
0.29
0.29
0.29
0.29
0.29
1.44
0.29
0.29
0.29
2.02
2.02
3.46
4.04
4.33
4.62
0.29
0.29
0.29
0.00
0.29
2.02
0.58
0.29
1.44
2.02
2.60
2.89
0.00
0.00
0.29
3.75
3.18
3.18
0.29
2.02
0.29
0.58
